function [FX,FY,FZ,TX,TY,TZ,V_X,V_Y,V_Z,VT_X,VT_Y,VT_Z] = volt2wrench(V_X,V_Y,V_Z,VT_X,VT_Y,VT_Z)

%% Calibration matrix from Nano43 (FT32831)
% <FTSensor  Serial="FT32831" BodyStyle="Nano43" Family="DAQ" NumGages="6" CalFileVersion="1.1">
% 	<Calibration  PartNumber="SI-36-0.5" CalDate="12/14/2020" ForceUnits="N" TorqueUnits="N-mm" DistUnits="mm" OutputMode="Ground Referenced Differential" OutputRange="20" HWTempComp="True" GainMultiplier="1" CableLossDetection="False" OutputBipolar="True">
C  = [0.0209764570104092,-0.0287623925837659,-0.0523713190005853,4.51543594113559,-0.0544733746084960,-4.46283555197260;
    -0.137194652665955,-5.12368459588614,-0.0421709594160445,2.58695059269560,0.0400836034976997,2.52213966139995;
    2.97639018075794,-0.0165457633959516,3.01179759529726,0.0227464591082221,3.00140638290130,0.0123235222225730;
    -0.804758290978201,-23.0934456992149,43.5885796761855,12.0024509994590,-43.4143044983223,11.2758388230580;
    -50.5637576978097,0.530406405921990,25.4901005275626,-20.2957849219497,25.1374882426489,20.1842200595373;
    -1.25626967691838,-38.2840985348559,0.531755004994897,-37.1562309106438,-0.425153463405271,-37.3551497004258]

%% Part (B). Tare weight from sensor
tare = [
-0.299976709506334
0.748466132264484
-0.544465779215608
-0.398741544217389
-0.283207033343414
-0.35623829171553
];

volt_old = [V_X,V_Y,V_Z,VT_X,VT_Y,VT_Z]';
volt_new = volt_old - tare;

wrench = C*volt_new;

FX = wrench(1);
FY = wrench(2);
FZ = wrench(3);
TX = wrench(4);
TY = wrench(5);
TZ = wrench(6);

end